+--------------------------------------------------------------------------------------------------------------------------------------------------------------------------------------------------------------------------+
; Legal Partition Candidates                                                                                                                                                                                               ;
+---------------------+-------+----------------+--------------+----------------+--------+-----------------+---------------+-----------------+-------+----------------+--------------+------------------+-------------------+
; Hierarchy           ; Input ; Constant Input ; Unused Input ; Floating Input ; Output ; Constant Output ; Unused Output ; Floating Output ; Bidir ; Constant Bidir ; Unused Bidir ; Input only Bidir ; Output only Bidir ;
+---------------------+-------+----------------+--------------+----------------+--------+-----------------+---------------+-----------------+-------+----------------+--------------+------------------+-------------------+
; core|ms|cm|color9   ; 3     ; 13             ; 0            ; 13             ; 24     ; 13              ; 13            ; 13              ; 0     ; 0              ; 0            ; 0                ; 0                 ;
; core|ms|cm|color8   ; 3     ; 13             ; 0            ; 13             ; 24     ; 13              ; 13            ; 13              ; 0     ; 0              ; 0            ; 0                ; 0                 ;
; core|ms|cm|color7   ; 3     ; 13             ; 0            ; 13             ; 24     ; 13              ; 13            ; 13              ; 0     ; 0              ; 0            ; 0                ; 0                 ;
; core|ms|cm|color6   ; 3     ; 13             ; 0            ; 13             ; 24     ; 13              ; 13            ; 13              ; 0     ; 0              ; 0            ; 0                ; 0                 ;
; core|ms|cm|color5   ; 3     ; 13             ; 0            ; 13             ; 24     ; 13              ; 13            ; 13              ; 0     ; 0              ; 0            ; 0                ; 0                 ;
; core|ms|cm|color4   ; 3     ; 13             ; 0            ; 13             ; 24     ; 13              ; 13            ; 13              ; 0     ; 0              ; 0            ; 0                ; 0                 ;
; core|ms|cm|color3   ; 3     ; 13             ; 0            ; 13             ; 24     ; 13              ; 13            ; 13              ; 0     ; 0              ; 0            ; 0                ; 0                 ;
; core|ms|cm|color2   ; 3     ; 13             ; 0            ; 13             ; 24     ; 13              ; 13            ; 13              ; 0     ; 0              ; 0            ; 0                ; 0                 ;
; core|ms|cm|color1   ; 3     ; 13             ; 0            ; 13             ; 24     ; 13              ; 13            ; 13              ; 0     ; 0              ; 0            ; 0                ; 0                 ;
; core|ms|cm          ; 42    ; 32             ; 0            ; 32             ; 24     ; 32              ; 32            ; 32              ; 0     ; 0              ; 0            ; 0                ; 0                 ;
; core|ms             ; 3     ; 0              ; 0            ; 0              ; 24     ; 0               ; 0             ; 0               ; 0     ; 0              ; 0            ; 0                ; 0                 ;
; core|mds|cntrvalmux ; 3     ; 3              ; 0            ; 3              ; 11     ; 3               ; 3             ; 3               ; 0     ; 0              ; 0            ; 0                ; 0                 ;
; core|mds            ; 26    ; 0              ; 0            ; 0              ; 2      ; 0               ; 0             ; 0               ; 0     ; 0              ; 0            ; 0                ; 0                 ;
; core                ; 34    ; 0              ; 32           ; 0              ; 2      ; 0               ; 0             ; 0               ; 0     ; 0              ; 0            ; 0                ; 0                 ;
; spi                 ; 3     ; 0              ; 0            ; 0              ; 33     ; 0               ; 0             ; 0               ; 0     ; 0              ; 0            ; 0                ; 0                 ;
+---------------------+-------+----------------+--------------+----------------+--------+-----------------+---------------+-----------------+-------+----------------+--------------+------------------+-------------------+
